571	571
160	160
2353	2353
721	721
491	491
218	218
1422	1422
1590	1590
3101	3101
1022	1022
24	24
3076	3076
2008	2008
3054	3054
727	727
2608	2608
2403	2403
786	786
3044	3044
2683	2683
3115	3115
2629	2629
3170	3170
509	509
916	916
1978	1978
354	354
1120	1120
1683	1683
1192	1192
1018	1018
168	168
2746	2746
1485	1485
2295	2295
1415	1415
1703	1703
100	100
1907	1907
552	552
216	216
1410	1410
1782	1782
191	191
2791	2791
1707	1707
1153	1153
2192	2192
801	801
154	154
1651	1651
295	295
1772	1772
159	159
3150	3150
1715	1715
1047	1047
3237	3237
2807	2807
1144	1144
2986	2986
769	769
213	213
3095	3095
858	858
1460	1460
2721	2721
261	261
939	939
2159	2159
507	507
406	406
2415	2415
1179	1179
81	81
1265	1265
1554	1554
3002	3002
237	237
1732	1732
2196	2196
253	253
1423	1423
290	290
2802	2802
1375	1375
2871	2871
471	471
1044	1044
1766	1766
1483	1483
2240	2240
1088	1088
2233	2233
1759	1759
1154	1154
46	46
182	182
2857	2857
2591	2591
1666	1666
1256	1256
2829	2829
454	454
2677	2677
3087	3087
2737	2737
2133	2133
1206	1206
806	806
638	638
268	268
2428	2428
1358	1358
161	161
1231	1231
2188	2188
823	823
2565	2565
2953	2953
1094	1094
651	651
1559	1559
812	812
2596	2596
38	38
1370	1370
3142	3142
679	679
1615	1615
80	80
2225	2225
2538	2538
2115	2115
420	420
94	94
650	650
2354	2354
3057	3057
672	672
2219	2219
3233	3233
1260	1260
510	510
1133	1133
550	550
162	162
708	708
1106	1106
2836	2836
3241	3241
840	840
65	65
61	61
1576	1576
362	362
1123	1123
1980	1980
2718	2718
1311	1311
2327	2327
488	488
2309	2309
1657	1657
1647	1647
1515	1515
1508	1508
1	1
1114	1114
1159	1159
1829	1829
1216	1216
1431	1431
1200	1200
2536	2536
2497	2497
2263	2263
39	39
2167	2167
1570	1570
3232	3232
919	919
1560	1560
937	937
1926	1926
580	580
557	557
586	586
1757	1757
3047	3047
1638	1638
1745	1745
881	881
2177	2177
617	617
3180	3180
3218	3218
3158	3158
1982	1982
116	116
1316	1316
909	909
285	285
1801	1801
1841	1841
545	545
421	421
3026	3026
3209	3209
369	369
2120	2120
2788	2788
1458	1458
1809	1809
115	115
692	692
2929	2929
1489	1489
1058	1058
3049	3049
1046	1046
1306	1306
851	851
711	711
2198	2198
2635	2635
2294	2294
1695	1695
2283	2283
2091	2091
1813	1813
2262	2262
2127	2127
2005	2005
669	669
27	27
1979	1979
3102	3102
419	419
2532	2532
959	959
2207	2207
3221	3221
1398	1398
2328	2328
2935	2935
554	554
2069	2069
1650	1650
2527	2527
366	366
2992	2992
2745	2745
302	302
626	626
910	910
1825	1825
1710	1710
1237	1237
1869	1869
1831	1831
1693	1693
1620	1620
2007	2007
875	875
2322	2322
2973	2973
1646	1646
2383	2383
1905	1905
3258	3258
975	975
1803	1803
2447	2447
3108	3108
3007	3007
664	664
1012	1012
386	386
2636	2636
3056	3056
1309	1309
3079	3079
448	448
1569	1569
1961	1961
2891	2891
2644	2644
1743	1743
770	770
2921	2921
1077	1077
2006	2006
2962	2962
1676	1676
437	437
1847	1847
1388	1388
2174	2174
985	985
1578	1578
2272	2272
149	149
895	895
1459	1459
2576	2576
469	469
1660	1660
3050	3050
1003	1003
1100	1100
2492	2492
2422	2422
1101	1101
660	660
2349	2349
917	917
78	78
1737	1737
1187	1187
524	524
195	195
1579	1579
325	325
2409	2409
2099	2099
3106	3106
897	897
1271	1271
821	821
1004	1004
1697	1697
2317	2317
2275	2275
2696	2696
613	613
2966	2966
2358	2358
245	245
3210	3210
1768	1768
2052	2052
2231	2231
63	63
860	860
555	555
1359	1359
1614	1614
1356	1356
3152	3152
235	235
733	733
1679	1679
2558	2558
2346	2346
2484	2484
2472	2472
1347	1347
2242	2242
2420	2420
2880	2880
1255	1255
1292	1292
994	994
13	13
143	143
2867	2867
548	548
1973	1973
1252	1252
2563	2563
1962	1962
765	765
1522	1522
259	259
1008	1008
239	239
2655	2655
88	88
1267	1267
2181	2181
1497	1497
3122	3122
1320	1320
485	485
2624	2624
2106	2106
3226	3226
2659	2659
1817	1817
2364	2364
973	973
2356	2356
322	322
2810	2810
2845	2845
2211	2211
1065	1065
569	569
2152	2152
3097	3097
1468	1468
1738	1738
2132	2132
377	377
1785	1785
2170	2170
2431	2431
2345	2345
2615	2615
2086	2086
2282	2282
2319	2319
2774	2774
2834	2834
84	84
2454	2454
1626	1626
1162	1162
2639	2639
761	761
3162	3162
1872	1872
1723	1723
2671	2671
1346	1346
462	462
2661	2661
158	158
715	715
1060	1060
1011	1011
1113	1113
1541	1541
1408	1408
780	780
1013	1013
674	674
712	712
1078	1078
1104	1104
1426	1426
1225	1225
559	559
1548	1548
1599	1599
1629	1629
2600	2600
2711	2711
915	915
1526	1526
264	264
153	153
450	450
2033	2033
3245	3245
621	621
251	251
1112	1112
605	605
3198	3198
1623	1623
3191	3191
2480	2480
685	685
2176	2176
3179	3179
2474	2474
648	648
941	941
837	837
1532	1532
3199	3199
1779	1779
2031	2031
2205	2205
2153	2153
314	314
339	339
1867	1867
3033	3033
221	221
1665	1665
856	856
2226	2226
3048	3048
2473	2473
3172	3172
925	925
2312	2312
3055	3055
1354	1354
2066	2066
1986	1986
1922	1922
1115	1115
1998	1998
1742	1742
3141	3141
178	178
1940	1940
2551	2551
2816	2816
668	668
1264	1264
2740	2740
2852	2852
3088	3088
1135	1135
2749	2749
947	947
629	629
618	618
282	282
95	95
1720	1720
610	610
2204	2204
2748	2748
2306	2306
423	423
1180	1180
2507	2507
2862	2862
774	774
842	842
316	316
1862	1862
355	355
1517	1517
1588	1588
1161	1161
2035	2035
278	278
2971	2971
1285	1285
833	833
1116	1116
1810	1810
1653	1653
77	77
2044	2044
2762	2762
2724	2724
546	546
2118	2118
2257	2257
1914	1914
1251	1251
214	214
2310	2310
1017	1017
1280	1280
2654	2654
2438	2438
2222	2222
3203	3203
2342	2342
2208	2208
578	578
839	839
2933	2933
1163	1163
1721	1721
1682	1682
2163	2163
2043	2043
814	814
1214	1214
99	99
3035	3035
654	654
269	269
91	91
635	635
1984	1984
3167	3167
1844	1844
1819	1819
2030	2030
1681	1681
3255	3255
381	381
849	849
426	426
1345	1345
1056	1056
351	351
2990	2990
2976	2976
2726	2726
478	478
1975	1975
1403	1403
1450	1450
1254	1254
2032	2032
242	242
2462	2462
1338	1338
3143	3143
707	707
1391	1391
3023	3023
1506	1506
3009	3009
1857	1857
2410	2410
2573	2573
2586	2586
455	455
852	852
117	117
776	776
824	824
85	85
2085	2085
935	935
1404	1404
2333	2333
486	486
589	589
1298	1298
1317	1317
1365	1365
230	230
16	16
1762	1762
813	813
2201	2201
2254	2254
1609	1609
1342	1342
3155	3155
2779	2779
2801	2801
1612	1612
2574	2574
192	192
1750	1750
1816	1816
1853	1853
323	323
1392	1392
2877	2877
3094	3094
1038	1038
2937	2937
1248	1248
2411	2411
960	960
3186	3186
2956	2956
2907	2907
3075	3075
2416	2416
2662	2662
834	834
1469	1469
1380	1380
583	583
1344	1344
961	961
453	453
1536	1536
2785	2785
2809	2809
1783	1783
1401	1401
86	86
1871	1871
1493	1493
1608	1608
219	219
3014	3014
2936	2936
2595	2595
1694	1694
2381	2381
1304	1304
2958	2958
3149	3149
2716	2716
911	911
592	592
45	45
3092	3092
1993	1993
2617	2617
1656	1656
3165	3165
2050	2050
1670	1670
185	185
2776	2776
2366	2366
220	220
93	93
1173	1173
1547	1547
2735	2735
476	476
1336	1336
112	112
319	319
3118	3118
1286	1286
211	211
1259	1259
2056	2056
866	866
1097	1097
2389	2389
2303	2303
2464	2464
2950	2950
3256	3256
1963	1963
568	568
2336	2336
422	422
1447	1447
2666	2666
2619	2619
3208	3208
365	365
2977	2977
2016	2016
2103	2103
1010	1010
1098	1098
563	563
254	254
734	734
717	717
2534	2534
2017	2017
477	477
516	516
228	228
2939	2939
2079	2079
1189	1189
427	427
844	844
475	475
1263	1263
3212	3212
1484	1484
830	830
1119	1119
594	594
1764	1764
1696	1696
248	248
698	698
1808	1808
2982	2982
2854	2854
3169	3169
899	899
164	164
2452	2452
2799	2799
1269	1269
690	690
982	982
689	689
1855	1855
2360	2360
2821	2821
2995	2995
1790	1790
2183	2183
3045	3045
506	506
1331	1331
446	446
923	923
1912	1912
2332	2332
132	132
2251	2251
1848	1848
887	887
1270	1270
1406	1406
318	318
722	722
3082	3082
2511	2511
5	5
2485	2485
1023	1023
1257	1257
428	428
1948	1948
2382	2382
1332	1332
1557	1557
2625	2625
227	227
3204	3204
1230	1230
907	907
2375	2375
2195	2195
686	686
731	731
2276	2276
3038	3038
3254	3254
1654	1654
2297	2297
146	146
2302	2302
930	930
189	189
438	438
2752	2752
403	403
3200	3200
2318	2318
1915	1915
2885	2885
1487	1487
1858	1858
2828	2828
640	640
413	413
1157	1157
3215	3215
2708	2708
2792	2792
2983	2983
1845	1845
2171	2171
1884	1884
1208	1208
1550	1550
1793	1793
2110	2110
133	133
1197	1197
1062	1062
3091	3091
2424	2424
2981	2981
105	105
2228	2228
3032	3032
1920	1920
1852	1852
1729	1729
1373	1373
2000	2000
110	110
1321	1321
2437	2437
2627	2627
699	699
1110	1110
829	829
1580	1580
170	170
2149	2149
2594	2594
2679	2679
861	861
1587	1587
204	204
888	888
3236	3236
515	515
782	782
327	327
1456	1456
2057	2057
2274	2274
59	59
2839	2839
2566	2566
2567	2567
1616	1616
2610	2610
678	678
700	700
1659	1659
1129	1129
3154	3154
1594	1594
1955	1955
1719	1719
585	585
1448	1448
3130	3130
3001	3001
2143	2143
628	628
2755	2755
1245	1245
656	656
104	104
1791	1791
2378	2378
807	807
1203	1203
2034	2034
1238	1238
266	266
1513	1513
2503	2503
953	953
1376	1376
3183	3183
30	30
740	740
2968	2968
2531	2531
2261	2261
2135	2135
3177	3177
1059	1059
2237	2237
2928	2928
582	582
66	66
1583	1583
964	964
1051	1051
2161	2161
1368	1368
3163	3163
2999	2999
1076	1076
292	292
2846	2846
2236	2236
1648	1648
1145	1145
1465	1465
2653	2653
918	918
799	799
43	43
3129	3129
753	753
307	307
2924	2924
1972	1972
999	999
167	167
3090	3090
300	300
1442	1442
1287	1287
2126	2126
2549	2549
2897	2897
2550	2550
970	970
114	114
1393	1393
863	863
567	567
1734	1734
1974	1974
1604	1604
2197	2197
3248	3248
2668	2668
792	792
1903	1903
818	818
1198	1198
652	652
2946	2946
2124	2124
320	320
1705	1705
1141	1141
1196	1196
2820	2820
2709	2709
2009	2009
3128	3128
2601	2601
1643	1643
1640	1640
954	954
2023	2023
184	184
951	951
2954	2954
2603	2603
619	619
1029	1029
3168	3168
2180	2180
222	222
452	452
511	511
2053	2053
827	827
267	267
1675	1675
579	579
1632	1632
2691	2691
3039	3039
3125	3125
1601	1601
1041	1041
447	447
2844	2844
804	804
3240	3240
2457	2457
1684	1684
577	577
9	9
1897	1897
2824	2824
1952	1952
1932	1932
599	599
521	521
2912	2912
2931	2931
3015	3015
1796	1796
2045	2045
2917	2917
1545	1545
1466	1466
3000	3000
2190	2190
1837	1837
1812	1812
1523	1523
305	305
1318	1318
2515	2515
1573	1573
2585	2585
2942	2942
766	766
566	566
499	499
1635	1635
1131	1131
1595	1595
468	468
2739	2739
1170	1170
1806	1806
3132	3132
2344	2344
2380	2380
709	709
2439	2439
755	755
2471	2471
2663	2663
490	490
2088	2088
1201	1201
484	484
2949	2949
2952	2952
2475	2475
1718	1718
1296	1296
429	429
1956	1956
3072	3072
1389	1389
2470	2470
600	600
2899	2899
89	89
67	67
1671	1671
18	18
1860	1860
2874	2874
140	140
2864	2864
1268	1268
2944	2944
1165	1165
2357	2357
883	883
497	497
644	644
3063	3063
101	101
179	179
3112	3112
2019	2019
2289	2289
3103	3103
857	857
3121	3121
2042	2042
859	859
661	661
2529	2529
173	173
615	615
2169	2169
1968	1968
1282	1282
1471	1471
1107	1107
665	665
1574	1574
2512	2512
611	611
1275	1275
2425	2425
393	393
1698	1698
1028	1028
2499	2499
2645	2645
1319	1319
2630	2630
2004	2004
6	6
921	921
3005	3005
2589	2589
1625	1625
21	21
56	56
637	637
1551	1551
728	728
2466	2466
2405	2405
3223	3223
155	155
76	76
1794	1794
444	444
2717	2717
2418	2418
2288	2288
2742	2742
2564	2564
3113	3113
716	716
2546	2546
451	451
1627	1627
1052	1052
1212	1212
1134	1134
2413	2413
3228	3228
337	337
2650	2650
562	562
1050	1050
3053	3053
1832	1832
440	440
591	591
3151	3151
1092	1092
2334	2334
738	738
2926	2926
335	335
2541	2541
2074	2074
3093	3093
2071	2071
2417	2417
636	636
2119	2119
3207	3207
2632	2632
460	460
2245	2245
3078	3078
1193	1193
779	779
2421	2421
47	47
342	342
121	121
2544	2544
2402	2402
2453	2453
622	622
1775	1775
3174	3174
1085	1085
1396	1396
1910	1910
2734	2734
1908	1908
3062	3062
70	70
2304	2304
2463	2463
2578	2578
694	694
1708	1708
995	995
2365	2365
744	744
2343	2343
3148	3148
2963	2963
2138	2138
2803	2803
480	480
276	276
677	677
2070	2070
334	334
244	244
1486	1486
2123	2123
97	97
2363	2363
186	186
1295	1295
2664	2664
1898	1898
1944	1944
3261	3261
659	659
614	614
2156	2156
2822	2822
1099	1099
778	778
1562	1562
183	183
156	156
2140	2140
745	745
2314	2314
2767	2767
1741	1741
1132	1132
130	130
2782	2782
3040	3040
2450	2450
265	265
1765	1765
1689	1689
144	144
2759	2759
2487	2487
82	82
828	828
96	96
2940	2940
1001	1001
1535	1535
1561	1561
271	271
2892	2892
122	122
805	805
1537	1537
1823	1823
1202	1202
1502	1502
1895	1895
1805	1805
2210	2210
2604	2604
2523	2523
324	324
1518	1518
2678	2678
1063	1063
1953	1953
1333	1333
3119	3119
3012	3012
1150	1150
682	682
1437	1437
2469	2469
1777	1777
3100	3100
2340	2340
3041	3041
2504	2504
1436	1436
2526	2526
1182	1182
3253	3253
1753	1753
2613	2613
894	894
1219	1219
1053	1053
2621	2621
2298	2298
1781	1781
425	425
1563	1563
1751	1751
2104	2104
2187	2187
2649	2649
233	233
987	987
1633	1633
1713	1713
1699	1699
3052	3052
2869	2869
922	922
2923	2923
326	326
2290	2290
762	762
2866	2866
1249	1249
1605	1605
461	461
493	493
757	757
274	274
1890	1890
310	310
187	187
2494	2494
3231	3231
2292	2292
1730	1730
2733	2733
256	256
1350	1350
525	525
1069	1069
3071	3071
2815	2815
2980	2980
2168	2168
1991	1991
2448	2448
1893	1893
870	870
4	4
373	373
2495	2495
2758	2758
2329	2329
26	26
2905	2905
1371	1371
1533	1533
2800	2800
494	494
1807	1807
3096	3096
3194	3194
1668	1668
2612	2612
573	573
2539	2539
1125	1125
2398	2398
891	891
741	741
3139	3139
1061	1061
608	608
1449	1449
68	68
3263	3263
2046	2046
1000	1000
898	898
2997	2997
1171	1171
1542	1542
3182	3182
3176	3176
843	843
1917	1917
500	500
2631	2631
1709	1709
2855	2855
1997	1997
2694	2694
2021	2021
136	136
1901	1901
2915	2915
2638	2638
1042	1042
754	754
2911	2911
1355	1355
606	606
2478	2478
2352	2352
1566	1566
7	7
1540	1540
977	977
2028	2028
1918	1918
90	90
838	838
2715	2715
1722	1722
411	411
945	945
1241	1241
655	655
1509	1509
2948	2948
2203	2203
2998	2998
2256	2256
3205	3205
1414	1414
1074	1074
537	537
2096	2096
1424	1424
1934	1934
1556	1556
2090	2090
174	174
1420	1420
1045	1045
1936	1936
1242	1242
2693	2693
2922	2922
1232	1232
2372	2372
98	98
472	472
820	820
2790	2790
25	25
2879	2879
2570	2570
597	597
55	55
1290	1290
449	449
139	139
1480	1480
2284	2284
501	501
1878	1878
3156	3156
111	111
2849	2849
257	257
1865	1865
208	208
1490	1490
879	879
3190	3190
44	44
2058	2058
10	10
1613	1613
1815	1815
3046	3046
1892	1892
971	971
2325	2325
3217	3217
673	673
2525	2525
1789	1789
1234	1234
1568	1568
3089	3089
2255	2255
2577	2577
2714	2714
1634	1634
572	572
1036	1036
2098	2098
1784	1784
1127	1127
1778	1778
11	11
1849	1849
1983	1983
1516	1516
431	431
284	284
3246	3246
1507	1507
1339	1339
2813	2813
764	764
1899	1899
1792	1792
730	730
1372	1372
2250	2250
2763	2763
2524	2524
2182	2182
1728	1728
1491	1491
3081	3081
375	375
496	496
1591	1591
523	523
2391	2391
1774	1774
2002	2002
2361	2361
1405	1405
1977	1977
2872	2872
596	596
1453	1453
2906	2906
1387	1387
1274	1274
539	539
873	873
103	103
1068	1068
332	332
277	277
391	391
1755	1755
3036	3036
2468	2468
1383	1383
2902	2902
1686	1686
2387	2387
1034	1034
815	815
1446	1446
1151	1151
588	588
409	409
1854	1854
1767	1767
1445	1445
1799	1799
2051	2051
595	595
2323	2323
3008	3008
1800	1800
847	847
2509	2509
2651	2651
443	443
1827	1827
1924	1924
2465	2465
2766	2766
1021	1021
693	693
3173	3173
1911	1911
1933	1933
3123	3123
1204	1204
3099	3099
2300	2300
1868	1868
2136	2136
1921	1921
2699	2699
1923	1923
3060	3060
2243	2243
933	933
2268	2268
976	976
2280	2280
967	967
2311	2311
2786	2786
2347	2347
1763	1763
2145	2145
398	398
2741	2741
1121	1121
3259	3259
2082	2082
1108	1108
3018	3018
2875	2875
892	892
1152	1152
364	364
2510	2510
2520	2520
1384	1384
2054	2054
1397	1397
3247	3247
2783	2783
1075	1075
1172	1172
2193	2193
2234	2234
2368	2368
2893	2893
1428	1428
2078	2078
704	704
2808	2808
2622	2622
2459	2459
2055	2055
547	547
2518	2518
1158	1158
1064	1064
2987	2987
2249	2249
2122	2122
163	163
1672	1672
15	15
1083	1083
34	34
1082	1082
2732	2732
850	850
1411	1411
1475	1475
2890	2890
203	203
2985	2985
2793	2793
83	83
31	31
1334	1334
2435	2435
2500	2500
1740	1740
1628	1628
1965	1965
2993	2993
1544	1544
3016	3016
3238	3238
372	372
2660	2660
2351	2351
1630	1630
1874	1874
385	385
2648	2648
2835	2835
2723	2723
347	347
1621	1621
1585	1585
2823	2823
2967	2967
142	142
1472	1472
1340	1340
2401	2401
1945	1945
630	630
1492	1492
1531	1531
2264	2264
978	978
166	166
2970	2970
1247	1247
48	48
2426	2426
279	279
106	106
2686	2686
2554	2554
1229	1229
2073	2073
3197	3197
3064	3064
513	513
2089	2089
352	352
197	197
1543	1543
889	889
2482	2482
64	64
40	40
1842	1842
2605	2605
2301	2301
1223	1223
2015	2015
1457	1457
1395	1395
306	306
663	663
361	361
1146	1146
231	231
3074	3074
1452	1452
1279	1279
1880	1880
390	390
2206	2206
543	543
1440	1440
1390	1390
2097	2097
3147	3147
2667	2667
1030	1030
2130	2130
3120	3120
2904	2904
1067	1067
1499	1499
1210	1210
2925	2925
2246	2246
1033	1033
1369	1369
1770	1770
1049	1049
662	662
1527	1527
1111	1111
2434	2434
990	990
2385	2385
87	87
2081	2081
367	367
2113	2113
723	723
508	508
2643	2643
1833	1833
2978	2978
2900	2900
1530	1530
746	746
623	623
3159	3159
718	718
2542	2542
2947	2947
3114	3114
526	526
2423	2423
1184	1184
1413	1413
1477	1477
2061	2061
2756	2756
877	877
1637	1637
1900	1900
1366	1366
2216	2216
14	14
3219	3219
912	912
1444	1444
2026	2026
974	974
908	908
646	646
418	418
2172	2172
287	287
495	495
2757	2757
1661	1661
350	350
2400	2400
1843	1843
2959	2959
865	865
817	817
1758	1758
2162	2162
1181	1181
2932	2932
2640	2640
1555	1555
1416	1416
1364	1364
1329	1329
2575	2575
207	207
1095	1095
667	667
1896	1896
1930	1930
1262	1262
2602	2602
2109	2109
2379	2379
180	180
790	790
3243	3243
2989	2989
2830	2830
3029	3029
2456	2456
2371	2371
1564	1564
223	223
1687	1687
2965	2965
2432	2432
2041	2041
1498	1498
983	983
1802	1802
1357	1357
2083	2083
1877	1877
1658	1658
1649	1649
880	880
328	328
1622	1622
1501	1501
1602	1602
1160	1160
2164	2164
2941	2941
2888	2888
1870	1870
498	498
1164	1164
401	401
3220	3220
2697	2697
3187	3187
1169	1169
864	864
884	884
150	150
3	3
1582	1582
128	128
3124	3124
2445	2445
2747	2747
348	348
2979	2979
2186	2186
1957	1957
3024	3024
2269	2269
2988	2988
1941	1941
1454	1454
1176	1176
532	532
2898	2898
989	989
1276	1276
42	42
1725	1725
3006	3006
1315	1315
3252	3252
531	531
1079	1079
936	936
2040	2040
123	123
250	250
565	565
2701	2701
2945	2945
2248	2248
2805	2805
464	464
2444	2444
3257	3257
1177	1177
1464	1464
1606	1606
289	289
2530	2530
1455	1455
671	671
2754	2754
1024	1024
1572	1572
2769	2769
126	126
196	196
1174	1174
826	826
1258	1258
3196	3196
1886	1886
808	808
2278	2278
1610	1610
1326	1326
2795	2795
1891	1891
632	632
2771	2771
3126	3126
1688	1688
2856	2856
1714	1714
1597	1597
2533	2533
1664	1664
299	299
3166	3166
943	943
2669	2669
1438	1438
1057	1057
1804	1804
1990	1990
2559	2559
1240	1240
2506	2506
1754	1754
1302	1302
2068	2068
2858	2858
29	29
2851	2851
0	0
1639	1639
2047	2047
212	212
2024	2024
2125	2125
2681	2681
929	929
2535	2535
206	206
901	901
3004	3004
2841	2841
291	291
2429	2429
1795	1795
344	344
1667	1667
2025	2025
2084	2084
1511	1511
1691	1691
58	58
2832	2832
260	260
297	297
869	869
1902	1902
1731	1731
2027	2027
400	400
2886	2886
963	963
2131	2131
357	357
2687	2687
966	966
2396	2396
1291	1291
3110	3110
2493	2493
846	846
2247	2247
1399	1399
2100	2100
719	719
2144	2144
714	714
1313	1313
2840	2840
2674	2674
1281	1281
2682	2682
2486	2486
2112	2112
1224	1224
3192	3192
1289	1289
1361	1361
379	379
2883	2883
2308	2308
940	940
445	445
3262	3262
2326	2326
1992	1992
1435	1435
3104	3104
773	773
1950	1950
2215	2215
1636	1636
1704	1704
1747	1747
784	784
2878	2878
2408	2408
1787	1787
2513	2513
2241	2241
2014	2014
20	20
404	404
1451	1451
3068	3068
313	313
3105	3105
2350	2350
397	397
1243	1243
255	255
1519	1519
188	188
2412	2412
224	224
962	962
2075	2075
1005	1005
1521	1521
69	69
360	360
1951	1951
3225	3225
2908	2908
793	793
1233	1233
2633	2633
2772	2772
2013	2013
2146	2146
2646	2646
2063	2063
1771	1771
886	886
298	298
2108	2108
489	489
2764	2764
3153	3153
384	384
243	243
1096	1096
392	392
1032	1032
1988	1988
1293	1293
1066	1066
2173	2173
1205	1205
542	542
2087	2087
2720	2720
341	341
2943	2943
1939	1939
54	54
1470	1470
3019	3019
1409	1409
639	639
3250	3250
60	60
1839	1839
1797	1797
1221	1221
263	263
541	541
2705	2705
2194	2194
2321	2321
1586	1586
1109	1109
2865	2865
1680	1680
51	51
2166	2166
3017	3017
2232	2232
1524	1524
193	193
147	147
590	590
2560	2560
1105	1105
181	181
972	972
3084	3084
33	33
649	649
456	456
2548	2548
942	942
387	387
2018	2018
1253	1253
3138	3138
1167	1167
1780	1780
587	587
1378	1378
1147	1147
561	561
2787	2787
1037	1037
2287	2287
1322	1322
1432	1432
119	119
1552	1552
1330	1330
1327	1327
2022	2022
2964	2964
2200	2200
2827	2827
691	691
1863	1863
1624	1624
165	165
620	620
3175	3175
1736	1736
2011	2011
2685	2685
2259	2259
1250	1250
2151	2151
1906	1906
1407	1407
2244	2244
969	969
2984	2984
1883	1883
1312	1312
607	607
553	553
871	871
1786	1786
767	767
1207	1207
234	234
750	750
1584	1584
2728	2728
3080	3080
1139	1139
3213	3213
1889	1889
2397	2397
2220	2220
2599	2599
724	724
1520	1520
3111	3111
2348	2348
2392	2392
1617	1617
2330	2330
1035	1035
1876	1876
2012	2012
312	312
198	198
631	631
3086	3086
79	79
798	798
1379	1379
2628	2628
2436	2436
2850	2850
1441	1441
1960	1960
2407	2407
309	309
603	603
949	949
23	23
998	998
2817	2817
627	627
920	920
713	713
1724	1724
430	430
2598	2598
1603	1603
2689	2689
903	903
2894	2894
2337	2337
1851	1851
408	408
2609	2609
2003	2003
2707	2707
2238	2238
2670	2670
2064	2064
432	432
1879	1879
2975	2975
1305	1305
1218	1218
1821	1821
1818	1818
1711	1711
1752	1752
968	968
1467	1467
1166	1166
258	258
737	737
296	296
2561	2561
558	558
1434	1434
2719	2719
2458	2458
1308	1308
3214	3214
2505	2505
2059	2059
2930	2930
3144	3144
311	311
321	321
459	459
556	556
3021	3021
32	32
1850	1850
1929	1929
2796	2796
3195	3195
1958	1958
2957	2957
1505	1505
1382	1382
609	609
410	410
412	412
1343	1343
1864	1864
2706	2706
157	157
465	465
965	965
3260	3260
1301	1301
2710	2710
831	831
2568	2568
853	853
3234	3234
1211	1211
1928	1928
992	992
893	893
1942	1942
2076	2076
3136	3136
902	902
2614	2614
1706	1706
1081	1081
273	273
2517	2517
2881	2881
3043	3043
2736	2736
796	796
2388	2388
3073	3073
371	371
2910	2910
2111	2111
2508	2508
2341	2341
720	720
177	177
1020	1020
2837	2837
1618	1618
2404	2404
205	205
1091	1091
229	229
657	657
726	726
803	803
3164	3164
2812	2812
2545	2545
1888	1888
747	747
2637	2637
2430	2430
948	948
2299	2299
73	73
1641	1641
1217	1217
1412	1412
1071	1071
625	625
570	570
1525	1525
492	492
670	670
1087	1087
190	190
1328	1328
874	874
49	49
3146	3146
819	819
2446	2446
1512	1512
2780	2780
3227	3227
1443	1443
736	736
2592	2592
802	802
1474	1474
246	246
763	763
835	835
2797	2797
1478	1478
2094	2094
345	345
816	816
2092	2092
642	642
2142	2142
988	988
442	442
647	647
1040	1040
2414	2414
535	535
2296	2296
1348	1348
514	514
1086	1086
2461	2461
675	675
984	984
2001	2001
3028	3028
1938	1938
2150	2150
1476	1476
783	783
868	868
645	645
1080	1080
2528	2528
3189	3189
1070	1070
1989	1989
249	249
2692	2692
2887	2887
236	236
1102	1102
3020	3020
697	697
1592	1592
2618	2618
2427	2427
2155	2155
3188	3188
3059	3059
2393	2393
1909	1909
482	482
2571	2571
433	433
676	676
1199	1199
2307	2307
3083	3083
102	102
2252	2252
2738	2738
3065	3065
2253	2253
855	855
3117	3117
2969	2969
3069	3069
3157	3157
2502	2502
986	986
1418	1418
2217	2217
129	129
3235	3235
118	118
1140	1140
301	301
470	470
1118	1118
950	950
201	201
329	329
3222	3222
2386	2386
1971	1971
2369	2369
2305	2305
2516	2516
862	862
3160	3160
1756	1756
441	441
2884	2884
997	997
2552	2552
3107	3107
2919	2919
2060	2060
2496	2496
333	333
1190	1190
1739	1739
1529	1529
439	439
1999	1999
1307	1307
1138	1138
2316	2316
2842	2842
2154	2154
2702	2702
2227	2227
1266	1266
2626	2626
3178	3178
1310	1310
1838	1838
1090	1090
2281	2281
2230	2230
1073	1073
811	811
2974	2974
522	522
3249	3249
2611	2611
1244	1244
340	340
1142	1142
424	424
914	914
270	270
1381	1381
1937	1937
2972	2972
1117	1117
2584	2584
1461	1461
200	200
483	483
131	131
378	378
1186	1186
928	928
3027	3027
729	729
2623	2623
1353	1353
1662	1662
927	927
1084	1084
2642	2642
330	330
1433	1433
141	141
331	331
2768	2768
1246	1246
1126	1126
1143	1143
3184	3184
1374	1374
924	924
760	760
946	946
2141	2141
1283	1283
1303	1303
2191	2191
1503	1503
845	845
2996	2996
2553	2553
2961	2961
1027	1027
1881	1881
574	574
1749	1749
653	653
1226	1226
752	752
2775	2775
2338	2338
3133	3133
1026	1026
832	832
1593	1593
3061	3061
280	280
1976	1976
286	286
1866	1866
2270	2270
1168	1168
2479	2479
1882	1882
2165	2165
2582	2582
1970	1970
120	120
3185	3185
913	913
598	598
1228	1228
262	262
703	703
1887	1887
2676	2676
1048	1048
1481	1481
1019	1019
1136	1136
1567	1567
1913	1913
1419	1419
1943	1943
3003	3003
2029	2029
564	564
800	800
2665	2665
1500	1500
2863	2863
1294	1294
2620	2620
2072	2072
882	882
358	358
2927	2927
2202	2202
293	293
906	906
389	389
530	530
1039	1039
2727	2727
2873	2873
3145	3145
2938	2938
247	247
706	706
2698	2698
217	217
2313	2313
463	463
3137	3137
1652	1652
2048	2048
1462	1462
993	993
2137	2137
226	226
581	581
2555	2555
2656	2656
1504	1504
2672	2672
1577	1577
3211	3211
2514	2514
225	225
536	536
612	612
2367	2367
1006	1006
2540	2540
2744	2744
1748	1748
2406	2406
1510	1510
2114	2114
2580	2580
624	624
809	809
405	405
1964	1964
1335	1335
696	696
2277	2277
1856	1856
1349	1349
2331	2331
1919	1919
666	666
3202	3202
281	281
50	50
1479	1479
2095	2095
952	952
336	336
2160	2160
1014	1014
2224	2224
1009	1009
1272	1272
768	768
109	109
1846	1846
37	37
1363	1363
1859	1859
1981	1981
1598	1598
785	785
2770	2770
3011	3011
2826	2826
1337	1337
2916	2916
956	956
1400	1400
1385	1385
35	35
2285	2285
2684	2684
2395	2395
1367	1367
1581	1581
687	687
3127	3127
2440	2440
2062	2062
363	363
1959	1959
368	368
1473	1473
904	904
1589	1589
1985	1985
2543	2543
534	534
1427	1427
938	938
641	641
356	356
1175	1175
113	113
145	145
890	890
346	346
2725	2725
2831	2831
735	735
2147	2147
867	867
2335	2335
1055	1055
175	175
2065	2065
2547	2547
1137	1137
1016	1016
1935	1935
1352	1352
825	825
1894	1894
2889	2889
2419	2419
1690	1690
382	382
900	900
416	416
2117	2117
1222	1222
414	414
931	931
1773	1773
1360	1360
944	944
772	772
576	576
2695	2695
2825	2825
2286	2286
3242	3242
434	434
658	658
1239	1239
1421	1421
2804	2804
2178	2178
2658	2658
394	394
1673	1673
2860	2860
2918	2918
2750	2750
1300	1300
137	137
958	958
2806	2806
517	517
2359	2359
2376	2376
2690	2690
748	748
533	533
3067	3067
3098	3098
2729	2729
71	71
2833	2833
2794	2794
2519	2519
1386	1386
1760	1760
905	905
2743	2743
643	643
2442	2442
1701	1701
981	981
353	353
2077	2077
2920	2920
885	885
1663	1663
3025	3025
527	527
955	955
3058	3058
1495	1495
2521	2521
1927	1927
2221	2221
417	417
2914	2914
2903	2903
1025	1025
512	512
505	505
759	759
1148	1148
2843	2843
1299	1299
1284	1284
343	343
2370	2370
2273	2273
3206	3206
3066	3066
872	872
932	932
601	601
338	338
2020	2020
3224	3224
3135	3135
3037	3037
787	787
317	317
3171	3171
2951	2951
749	749
8	8
2587	2587
848	848
1362	1362
1685	1685
1996	1996
2481	2481
3030	3030
544	544
2441	2441
2700	2700
2139	2139
2265	2265
504	504
2704	2704
388	388
1122	1122
1549	1549
374	374
2039	2039
53	53
2093	2093
2443	2443
2572	2572
996	996
1514	1514
2184	2184
1341	1341
1702	1702
172	172
1236	1236
1394	1394
1089	1089
2501	2501
1149	1149
1235	1235
1776	1776
1273	1273
1288	1288
3230	3230
74	74
1185	1185
194	194
878	878
1861	1861
17	17
3244	3244
1528	1528
370	370
396	396
604	604
584	584
2105	2105
683	683
380	380
2489	2489
1875	1875
252	252
1700	1700
854	854
3013	3013
1954	1954
1840	1840
415	415
1596	1596
2373	2373
1482	1482
560	560
2607	2607
777	777
202	202
2606	2606
2116	2116
2909	2909
1402	1402
3131	3131
2597	2597
705	705
2157	2157
791	791
575	575
1987	1987
810	810
695	695
171	171
2010	2010
2223	2223
3216	3216
2279	2279
3116	3116
135	135
176	176
2080	2080
3042	3042
1946	1946
758	758
2460	2460
2991	2991
457	457
36	36
138	138
2101	2101
2267	2267
633	633
1534	1534
1155	1155
593	593
1600	1600
1277	1277
2789	2789
1644	1644
1726	1726
2214	2214
1735	1735
72	72
458	458
1692	1692
797	797
399	399
2235	2235
466	466
169	169
349	349
934	934
487	487
1828	1828
2490	2490
3051	3051
2581	2581
2390	2390
1611	1611
1015	1015
2455	2455
1351	1351
124	124
1835	1835
1995	1995
3070	3070
52	52
2324	2324
1439	1439
2798	2798
771	771
1188	1188
980	980
991	991
794	794
2579	2579
2175	2175
788	788
2374	2374
1130	1130
1325	1325
2583	2583
3109	3109
725	725
688	688
2107	2107
2185	2185
1539	1539
529	529
2199	2199
1194	1194
1103	1103
701	701
2293	2293
519	519
822	822
2522	2522
407	407
2134	2134
2037	2037
2315	2315
1677	1677
528	528
2870	2870
2129	2129
2399	2399
108	108
19	19
2818	2818
210	210
1054	1054
2960	2960
2896	2896
518	518
2537	2537
2	2
481	481
1553	1553
1969	1969
2593	2593
2680	2680
272	272
2557	2557
238	238
2955	2955
1425	1425
127	127
742	742
1261	1261
275	275
1746	1746
1124	1124
1994	1994
1156	1156
2362	2362
781	781
2859	2859
2673	2673
2488	2488
2751	2751
2647	2647
1811	1811
3140	3140
2765	2765
2271	2271
1429	1429
2229	2229
474	474
1820	1820
232	232
1183	1183
2853	2853
3161	3161
739	739
359	359
435	435
2209	2209
241	241
2467	2467
1538	1538
1788	1788
28	28
549	549
710	710
134	134
3193	3193
3181	3181
2882	2882
2761	2761
2760	2760
2049	2049
1669	1669
2731	2731
2675	2675
2128	2128
395	395
2652	2652
1966	1966
2158	2158
896	896
1674	1674
1571	1571
2213	2213
2895	2895
152	152
3022	3022
1314	1314
294	294
2476	2476
2569	2569
1727	1727
1007	1007
732	732
1836	1836
1002	1002
1826	1826
1546	1546
75	75
240	240
1931	1931
2722	2722
2218	2218
2777	2777
304	304
2753	2753
876	876
376	376
616	616
1744	1744
1417	1417
2258	2258
1904	1904
957	957
3077	3077
2239	2239
215	215
3034	3034
1873	1873
199	199
2994	2994
926	926
2819	2819
1716	1716
3085	3085
2121	2121
1377	1377
209	209
503	503
2784	2784
2449	2449
1916	1916
520	520
2848	2848
315	315
2657	2657
2703	2703
1191	1191
62	62
2868	2868
1209	1209
2641	2641
1798	1798
2838	2838
402	402
2861	2861
2688	2688
2590	2590
1463	1463
2394	2394
1655	1655
540	540
1215	1215
1834	1834
1949	1949
1619	1619
2713	2713
836	836
2811	2811
2377	2377
1885	1885
1642	1642
288	288
681	681
2498	2498
1496	1496
2730	2730
3251	3251
2477	2477
1712	1712
751	751
92	92
1213	1213
538	538
1645	1645
436	436
1072	1072
2934	2934
1769	1769
148	148
602	602
383	383
3134	3134
2212	2212
634	634
2616	2616
680	680
2433	2433
841	841
702	702
2036	2036
1227	1227
22	22
1220	1220
57	57
2913	2913
1925	1925
2562	2562
1178	1178
1717	1717
2781	2781
1607	1607
2384	2384
125	125
2179	2179
2451	2451
2876	2876
1043	1043
1195	1195
795	795
2712	2712
479	479
551	551
2556	2556
1031	1031
308	308
2634	2634
1947	1947
1733	1733
1297	1297
3201	3201
1814	1814
1323	1323
2067	2067
1430	1430
1128	1128
303	303
775	775
2038	2038
1488	1488
684	684
2291	2291
2483	2483
2266	2266
2491	2491
979	979
3031	3031
283	283
743	743
2260	2260
1558	1558
2901	2901
1824	1824
3010	3010
2320	2320
2148	2148
2773	2773
2588	2588
1822	1822
1575	1575
2189	2189
2814	2814
151	151
3229	3229
1093	1093
789	789
3239	3239
2847	2847
756	756
502	502
107	107
1494	1494
1278	1278
2339	2339
467	467
1830	1830
1761	1761
2778	2778
473	473
41	41
1324	1324
12	12
1678	1678
1565	1565
1967	1967
1631	1631
2355	2355
2102	2102
